
Elops_sp._cf._senegalensis,0,0,0,0,0,0,1,0,0,0,0,0,0,0,0,0,0,1,0,0,0,-,-,0,0,0,0,0,0,0,0,0,0,0,0,0,0,0,0,0,0,0,0,0,0,0,0,0,0,0,0,0,0,0,0,0,0,0,0,0,0,0,0,0,0,0,0,0,0,0,0,0,0,0,0,0,0,0,0,0,0,0,0,0,-,-,0,-,0,0,0,-,0,0,0,0,0,-,-,0,0,0,0,0,0,0,0,0,0,0,0,0,0,0,0,-,0,0,0,0,0,0,0,-,0,0,0,0,0,-,-,0,-,_
Hiodon_alosoides,0,0,0,0,0,0,0,0,0,0,0,0,0,0,1,0,0,0,1,0,0,-,-,0,0,0,0,1,0,0,-,0,-,-,-,-,0,0,0,0,0,0,0,0,0,0,0,0,0,0,0,0,0,0,0,0,0,0,0,0,0,0,0,0,0,0,0,0,0,0,0,0,0,0,0,0,0,0,0,0,0,0,0,0,-,-,0,-,0,0,0,-,0,1,0,0,0,-,-,0,0,1,0,0,0,0,0,0,0,1,0,0,0,0,0,-,0,0,0,0,0,0,0,-,0,0,0,0,0,-,-,0,-,_
Denticeps_clupeoides,0,0,0,0,0,0,0,0,0,0,0,0,1,0,0,0,0,0,0,0,0,-,-,0,0,0,0,0,0,0,1,0,0,0,0,0,0,0,0,0,0,0,0,0,0,0,0,0,0,0,0,0,0,0,0,1,0,1,2,1,0,0,0,0,0,0,0,0,0,0,0,0,0,0,0,0,0,0,0,0,0,0,0,0,-,-,0,-,0,0,0,-,0,1,0,0,0,-,-,0,0,1,0,1,0,0,0,0,0,0,0,0,0,?,0,-,0,0,0,0,0,0,0,-,0,0,0,0,0,-,-,0,-,_
Distichodus_antonii,0,0,0,0,0,0,0,0,0,1,0,1,0,1,0,0,0,0,0,0,0,-,-,0,0,0,1,0,0,0,1,1,0,0,0,0,0,0,0,1,0,0,1,0,0,0,0,0,0,0,0,0,0,0,0,1,0,0,2,0,0,0,0,0,0,0,0,0,0,0,0,0,0,0,0,0,0,0,0,0,0,0,0,0,0,0,0,0,1,0,0,-,0,0,0,0,0,0,0,0,0,0,0,0,0,0,0,0,1,0,1,0,0,1,0,0,0,0,0,0,0,0,0,0,0,0,0,0,0,0,0,0,0,_
Psilorhynchus_balitora,1,1,0,0,0,0,0,0,0,0,0,1,1,1,0,0,0,0,0,1,2,0,1,1,0,0,1,1,0,0,1,1,1,1,1,1,0,0,0,0,0,0,1,0,-,1,0,1,0,1,1,0,0,0,1,1,1,1,2,1,0,0,0,0,1,0,1,0,0,0,1,0,1,0,1,0,0,0,2,0,0,1,1,0,1,0,2,2,0,0,-,0,0,0,0,1,0,0,0,0,1,2,0,0,?,0,1,0,1,1,2,0,0,1,0,0,0,0,0,0,0,0,0,0,0,0,0,0,1,1,0,0,0,_
Cyprinus_carpio,1,1,2,0,0,0,0,0,1,1,0,1,1,1,0,1,0,0,0,1,2,0,1,1,0,0,1,1,0,0,1,1,1,1,1,0,0,0,0,0,0,0,0,0,1,0,0,0,0,1,1,0,0,0,0,1,1,1,2,1,0,0,0,0,0,0,1,0,0,0,0,0,1,0,1,0,0,0,2,1,0,1,1,0,1,0,0,0,0,0,0,0,0,0,0,1,0,0,0,0,0,1,0,0,0,0,0,1,1,1,2,0,0,0,0,0,0,0,0,0,0,0,0,0,0,0,0,0,0,0,0,0,0,_
Barbus_barbus,1,1,0,0,0,0,0,0,1,0,0,1,1,0,0,1,0,0,0,1,2,0,1,1,0,0,1,1,0,0,1,1,1,1,1,0,0,0,0,0,0,0,0,0,1,0,0,0,0,1,1,0,0,0,0,1,1,1,2,1,0,0,0,0,0,0,1,0,0,0,0,0,1,0,1,0,0,0,2,1,0,1,1,0,1,0,0,0,0,0,0,0,0,0,0,1,0,0,0,0,0,1,0,0,0,0,0,1,1,1,2,0,0,0,0,0,0,0,0,0,0,0,0,0,0,0,0,0,0,0,0,0,0,_
Balantiocheilos_melanopterus,1,1,0,0,0,0,0,0,1,0,0,1,1,1,0,1,0,0,0,1,2,0,1,1,0,0,1,1,0,0,1,1,1,1,1,0,0,0,0,0,0,0,0,0,1,0,0,0,0,1,1,0,0,0,0,1,1,1,2,1,0,0,0,0,0,0,1,0,0,0,0,0,1,0,1,0,0,0,2,1,0,1,1,0,1,0,0,0,0,0,0,0,0,0,0,1,0,0,0,0,0,1,0,0,0,0,0,1,1,1,2,0,0,0,0,0,0,0,0,0,0,0,0,0,0,0,0,0,0,0,0,0,0,_
Garra_dembeensis,1,1,0,0,0,0,1,0,1,1,0,1,1,0,0,1,0,0,0,1,2,0,2,1,0,0,1,1,0,0,1,1,1,1,1,0,0,0,0,0,0,1,0,0,1,0,0,1,0,1,1,0,0,0,0,1,1,1,2,1,0,0,0,0,0,0,1,0,1,0,0,0,1,0,1,1,0,0,2,1,0,1,1,0,1,0,0,0,0,0,-,0,0,0,0,1,0,0,0,0,0,2,0,0,0,0,1,0,1,1,2,0,0,0,0,0,0,0,0,0,0,0,0,0,0,0,0,0,0,0,0,0,0,_
Osteochilus_hasselti,1,1,0,0,0,0,0,0,1,1,0,1,1,0,0,1,0,0,0,1,2,0,2,1,0,0,1,1,0,0,1,1,1,1,1,0,0,0,0,0,0,1,0,0,1,0,0,1,0,1,1,0,0,0,0,1,1,1,2,1,0,0,0,0,0,0,1,1,1,0,0,0,1,0,1,1,0,1,2,1,0,1,1,0,1,0,0,0,0,0,-,0,0,0,0,1,0,0,0,0,0,1,0,0,0,0,0,0,1,1,2,0,0,0,0,0,0,0,0,0,0,0,0,0,0,0,0,0,0,0,0,0,0,_
Labeo_longipinnis,1,1,0,0,0,0,1,0,1,1,0,1,1,0,0,1,0,0,0,1,2,0,2,1,0,0,1,1,0,0,1,1,1,1,1,0,0,0,0,0,0,1,0,0,1,0,0,1,0,1,1,0,0,0,0,1,1,1,2,1,0,0,0,0,0,0,1,1,1,0,0,0,1,0,1,1,0,1,2,1,0,1,1,0,1,0,0,0,0,0,-,0,0,0,0,1,0,0,0,0,0,1,0,0,0,0,0,0,1,1,2,0,0,0,0,0,0,0,0,0,0,0,0,0,0,0,0,0,0,0,0,0,0,
Lobocheilos_bo,1,1,0,0,0,0,0,0,1,1,0,1,1,0,0,1,0,0,0,1,2,0,2,1,0,0,1,1,0,0,1,1,1,1,1,0,0,0,0,0,0,1,0,0,1,0,0,1,0,1,1,0,0,0,0,1,1,1,2,1,0,0,0,0,0,0,1,0,1,0,0,0,1,0,1,1,0,1,2,1,0,1,1,0,1,0,0,0,0,0,0,0,0,0,0,1,0,0,0,0,0,1,0,0,0,0,0,0,1,1,2,0,0,0,0,0,0,0,0,0,0,0,0,0,0,0,0,0,0,0,0,0,0,_
Crossocheilus_reticulatus,1,1,0,0,0,0,0,0,1,1,0,1,1,1,0,1,0,0,0,1,2,0,2,1,0,0,1,1,0,0,1,1,1,1,1,0,0,0,0,0,0,1,1,0,1,0,0,1,0,1,1,0,0,0,0,1,1,1,2,1,0,0,0,0,0,0,1,0,1,0,0,0,1,0,1,1,0,1,2,1,0,1,1,0,1,0,0,0,0,0,-,0,0,0,0,1,0,0,0,0,0,1,0,0,0,0,0,0,1,1,2,0,0,0,0,0,0,0,0,0,0,0,0,0,0,0,0,0,0,0,0,0,0,_
Gobio_gobio,1,1,0,0,0,0,0,0,0,0,0,1,1,0,1,0,0,0,0,1,2,0,1,1,0,0,1,1,0,0,1,1,1,1,1,0,0,0,0,0,0,0,0,0,1,0,0,0,0,1,1,0,0,0,0,1,1,1,2,1,0,0,0,0,1,0,1,0,0,0,0,0,1,0,1,0,0,0,2,1,0,1,1,0,1,0,0,0,0,1,1,0,0,0,0,1,0,0,0,0,0,1,0,0,0,0,0,0,1,1,2,0,0,1,0,0,0,0,0,0,0,0,0,0,0,0,0,0,0,0,0,0,0,_
Abramis_brama,1,1,0,0,0,0,0,0,0,0,0,1,1,0,1,0,0,0,0,1,2,0,1,1,0,0,1,1,0,0,1,1,1,1,1,0,0,0,0,0,0,0,0,0,1,0,0,0,0,1,1,0,0,0,0,1,1,1,2,1,0,0,0,0,0,0,1,0,0,0,0,0,1,0,1,0,0,0,2,1,0,1,1,0,1,0,0,0,0,1,1,0,0,0,0,1,0,0,0,0,0,1,0,0,0,0,0,0,1,1,2,0,0,0,0,0,0,0,0,0,0,0,0,0,0,0,0,0,0,0,0,0,0,_
Zacco_cf._platypus,1,1,0,0,0,0,0,0,0,0,0,1,1,0,1,0,0,0,0,1,2,0,1,1,0,0,1,1,0,0,0,1,1,1,1,0,0,0,0,0,0,0,0,0,0,0,0,0,0,1,1,0,0,0,0,1,1,1,2,1,0,0,0,0,0,0,1,0,0,0,0,0,1,0,1,0,0,0,2,1,0,1,1,0,1,0,0,0,0,1,1,0,0,0,0,1,0,0,0,0,0,1,0,0,0,0,0,0,1,1,2,0,0,1,0,0,0,0,0,0,0,0,0,0,0,0,0,0,0,0,0,0,0,_
Rhodeus_sericeus,1,1,0,0,0,0,0,0,0,1,0,1,1,0,1,0,0,-,0,1,2,0,1,1,0,0,1,1,0,0,1,1,1,1,1,0,0,0,0,0,0,0,0,0,-,0,0,0,0,1,1,0,0,0,0,1,1,1,2,1,0,0,0,0,0,0,1,0,0,0,0,0,1,0,1,0,0,0,2,1,0,1,1,0,1,0,0,0,0,1,1,0,0,0,0,1,0,0,0,0,0,1,0,0,0,0,0,0,1,1,2,0,0,1,0,0,0,0,0,0,0,0,0,0,0,0,0,0,0,0,0,0,0,_
Notemigonus_crysoleucas,1,1,0,0,0,0,0,0,0,0,0,1,1,0,1,0,0,0,0,1,2,0,1,1,0,0,1,1,0,0,1,1,1,1,1,0,0,0,0,0,0,0,0,0,1,0,0,0,0,1,1,0,0,0,0,1,1,1,2,1,0,0,0,0,0,0,1,0,0,0,0,0,1,0,1,0,0,0,2,1,0,1,1,0,1,0,0,0,0,1,1,0,0,0,0,1,0,0,0,0,0,1,0,0,0,0,0,0,1,1,2,0,0,0,0,0,0,0,0,0,0,0,0,0,0,0,0,0,0,0,0,0,0,_
Rasbora_cephalotaenia,1,1,0,0,0,0,0,0,0,0,0,1,1,0,0,0,0,0,0,1,2,0,1,1,0,0,1,1,0,0,0,1,1,1,1,0,0,0,0,0,0,0,0,0,1,0,0,0,0,1,1,0,0,0,0,1,1,1,2,1,0,0,0,0,0,0,1,0,0,0,0,0,1,0,1,0,0,0,2,1,0,1,1,0,1,0,0,0,0,1,1,0,0,0,0,1,0,0,0,0,0,1,0,0,0,0,0,0,1,1,2,0,0,0,0,0,0,0,0,0,0,0,0,0,0,0,0,0,0,0,0,0,0,_
Phoxinus_phoxinus,1,1,0,0,0,0,0,0,0,0,0,1,1,0,1,0,0,0,0,1,2,0,1,1,0,0,1,1,0,0,1,1,1,1,1,0,0,0,0,0,0,0,0,0,-,0,0,0,0,1,1,0,0,0,0,1,1,1,2,1,0,0,0,0,0,0,1,0,0,0,0,0,1,0,1,0,0,0,2,1,0,1,1,0,1,0,0,0,0,1,1,0,0,0,0,1,0,0,0,0,0,1,0,0,0,0,0,0,1,1,2,0,1,0,0,0,0,0,0,0,0,0,0,0,0,0,0,0,0,0,0,0,0,_
Gyrinocheilus_pennocki,1,1,0,0,0,0,1,0,0,1,0,1,0,0,0,0,1,1,0,0,1,0,0,0,0,0,1,1,0,1,1,1,0,1,1,1,0,0,0,0,0,0,0,0,-,1,1,0,0,0,1,0,0,0,1,1,1,1,1,1,0,0,0,0,0,0,1,1,0,0,0,1,0,0,-,0,0,0,0,0,1,1,1,0,1,0,0,0,0,0,0,1,1,0,0,0,1,1,0,0,0,1,0,0,1,0,0,0,1,1,2,0,0,0,0,0,0,0,0,0,0,0,0,0,0,0,0,0,0,1,0,0,0,_
Gyrinocheilus_aymonieri,1,1,0,0,0,0,1,0,0,1,0,1,1,0,0,0,1,1,0,0,1,0,0,0,0,0,1,1,0,1,1,1,0,1,1,1,0,0,0,0,0,0,0,0,-,1,1,0,0,0,1,0,0,0,1,1,1,1,1,1,0,0,0,0,0,0,1,1,0,0,0,1,0,0,-,0,0,0,0,0,1,1,1,0,1,0,0,0,0,0,0,1,1,0,0,0,1,1,0,0,0,1,0,0,1,0,0,0,1,1,2,0,0,0,0,0,0,0,0,0,0,0,0,0,0,0,0,0,0,1,0,0,0,_
Myxocyprinus_asiaticus,1,1,1,0,0,0,1,0,1,0,0,1,0,1,0,0,1,1,0,0,2,1,0,0,0,0,1,1,1,1,1,1,1,1,1,0,1,1,0,0,1,1,0,0,-,1,0,0,0,1,1,0,0,0,1,1,1,1,2,1,0,1,0,0,1,1,0,0,0,0,0,1,1,0,1,0,0,0,1,0,0,1,1,1,1,0,0,1,0,0,0,0,1,0,0,0,0,0,0,0,0,1,0,0,0,0,0,0,1,1,2,1,0,0,0,0,0,0,0,0,0,0,0,0,0,0,0,0,0,0,0,0,0,_
Cycleptus_elongates,1,1,1,0,0,0,1,0,0,0,0,1,1,0,1,0,1,1,0,0,2,1,0,0,0,0,1,1,1,1,1,1,1,1,1,0,1,1,0,0,1,1,0,0,-,1,0,0,0,1,1,0,0,0,1,1,1,1,2,1,0,1,0,0,1,1,0,0,0,0,0,1,1,0,1,0,0,0,1,0,0,1,1,1,1,0,0,1,0,0,0,0,1,0,0,0,0,0,0,0,0,1,0,0,0,0,0,0,1,1,2,1,0,0,0,0,0,0,0,0,0,0,0,0,0,0,0,0,0,0,0,0,0,_
Catostomus_commersoni,1,1,1,0,0,0,1,0,0,0,0,1,1,1,0,0,1,-,0,0,2,1,0,0,1,0,1,1,-,1,−1,1,1,1,0,1,1,0,0,1,1,0,0,-,-,0,0,1,1,1,0,0,0,1,1,1,1,2,1,0,1,0,0,1,1,0,0,0,0,0,1,1,0,1,0,0,0,1,0,0,1,1,1,1,0,0,1,0,0,0,0,1,0,0,0,0,0,0,0,0,1,0,0,0,0,0,0,1,1,2,1,0,0,0,0,0,0,0,0,0,0,0,0,0,0,0,0,0,0,0,0,0,_
Carpiodes_carpio,1,1,1,0,0,0,1,0,1,0,0,1,0,1,1,0,1,1,0,0,2,1,0,0,0,0,1,1,1,1,1,1,1,1,1,0,1,1,0,0,1,1,0,0,-,1,0,0,1,1,1,0,0,0,1,1,1,1,2,1,0,1,0,0,1,1,0,0,0,0,0,1,1,0,1,0,0,0,1,0,0,1,1,1,1,0,0,1,0,0,0,0,1,0,0,0,1,0,0,0,0,1,0,0,1,0,0,0,1,1,2,1,0,0,0,0,0,0,0,0,0,0,0,0,0,0,0,0,0,0,0,0,0,_
Syncrossus_cf._berdmorei,1,0,2,1,1,1,0,1,1,0,0,1,1,1,0,0,0,1,0,0,1,0,0,0,0,1,1,1,1,1,−1,0,1,1,0,2,2,0,0,0,0,1,0,0,0,0,0,0,1,1,0,0,0,0,1,1,1,2,1,0,0,0,0,1,1,0,1,1,0,0,0,1,1,1,0,0,0,2,0,0,1,1,1,1,0,1,0,1,0,0,1,1,0,1,0,0,1,0,0,0,1,0,0,0,1,0,0,1,1,2,0,1,0,1,0,0,0,0,0,0,0,0,0,0,0,0,0,0,0,0,0,0,_
Chromobotia_macracanthus,1,0,2,1,1,1,0,1,1,0,0,1,1,1,0,0,1,1,0,0,1,0,0,0,0,1,1,1,1,1,−1,0,1,1,0,2,2,0,0,0,0,1,0,0,0,0,0,0,1,1,0,0,0,0,1,1,1,2,1,0,0,0,0,1,1,0,1,1,0,1,0,1,1,1,0,0,0,2,1,0,1,1,1,1,0,1,0,1,0,0,1,1,0,1,0,0,1,0,0,0,1,0,0,0,1,0,0,1,1,2,0,1,0,1,0,0,0,0,0,0,0,0,0,0,0,0,0,0,0,0,0,0,_
Yasuhikotakia_modesta,1,0,2,1,1,1,1,1,1,1,0,1,1,1,0,0,0,1,0,0,1,0,0,0,0,1,1,1,1,1,−1,0,1,1,0,2,2,0,0,0,0,1,0,0,0,0,0,0,1,1,0,0,0,0,1,1,1,2,-,-,-,0,0,1,1,0,1,1,0,0,0,1,1,1,0,0,0,2,1,0,1,1,1,1,0,1,0,1,0,0,1,1,0,1,0,0,1,0,0,0,1,0,0,0,1,0,0,1,1,2,0,1,0,1,0,0,0,0,0,0,0,0,0,0,0,0,0,0,0,0,0,0,_
Yasuhikotakia_sidthimunki,1,0,2,1,1,1,0,1,1,0,0,1,1,1,0,0,0,1,0,0,1,0,0,0,0,0,1,1,1,1,−1,0,1,1,0,2,2,0,0,0,0,1,0,0,0,0,0,0,1,1,0,0,0,0,1,1,1,2,-,-,-,0,0,1,1,0,1,0,0,0,0,1,1,1,0,0,0,2,0,0,1,1,1,1,0,0,0,1,0,0,1,0,0,1,0,0,1,0,0,0,1,0,0,0,1,0,0,1,1,2,0,1,?,1,0,0,0,0,0,0,0,0,0,0,0,0,0,0,0,0,0,0,_
Vaillantella_euepiptera,1,0,2,1,1,1,1,0,0,0,0,1,1,0,0,0,0,1,0,0,1,0,0,0,0,0,0,1,1,1,−1,0,1,1,0,2,0,0,0,0,0,1,0,0,0,0,0,0,1,1,0,0,0,0,1,1,1,2,-,-,-,0,0,1,1,1,1,0,0,0,0,1,1,1,0,0,0,2,0,0,1,1,0,1,0,0,0,1,0,0,1,0,0,1,0,0,1,0,0,0,2,0,0,0,1,0,0,1,1,2,0,1,?,1,0,0,0,0,0,0,0,0,0,0,0,0,0,0,0,0,0,0,_
Cobitis_pacifica,1,0,2,1,1,1,0,1,0,0,1,1,1,1,-,0,0,-,0,0,1,0,0,0,1,0,1,1,-,-,-,1,0,1,1,0,0,0,1,1,0,0,1,1,-,-,0,0,0,1,1,1,0,0,1,1,1,1,2,1,0,0,1,0,1,1,0,1,1,1,1,0,1,1,1,0,1,0,2,0,0,1,1,0,1,0,0,0,0,0,-,1,0,1,0,0,0,1,1,1,0,2,0,1,0,1,0,0,1,1,3,0,1,0,1,0,0,0,0,1,0,0,0,0,0,0,0,0,0,1,0,0,0,_
Cobitis_cf._taenia,1,0,2,1,1,1,0,1,0,0,1,1,1,1,-,0,0,-,0,0,1,0,0,0,1,0,1,1,-,-,-,1,0,1,1,0,0,0,1,1,0,0,1,1,-,-,0,0,0,1,1,1,0,0,1,1,1,1,2,1,0,0,1,0,1,1,0,1,1,1,1,0,1,1,1,0,0,0,2,0,0,1,1,0,1,0,0,0,0,0,-,1,0,1,0,0,0,1,1,1,0,2,0,1,0,1,0,0,1,1,3,0,1,0,1,0,0,0,0,1,0,0,0,0,0,0,0,0,0,1,0,0,0,_
Iksookimia_koreensis,1,0,2,1,1,1,0,1,0,0,1,1,1,1,-,0,0,-,0,0,1,0,0,0,1,0,1,1,-,-,-,1,0,1,1,0,0,0,1,1,0,0,1,1,-,-,0,0,0,1,1,1,0,0,1,1,1,1,2,1,0,0,1,0,1,1,0,1,1,1,1,0,1,1,1,0,1,0,2,0,0,1,1,0,1,0,0,0,0,0,-,1,0,1,0,0,0,1,1,1,0,2,0,1,0,1,0,0,1,1,3,0,1,0,1,0,0,0,0,1,0,0,0,0,0,0,0,0,0,1,0,0,0,_
Niwaella_multifasciata,1,0,2,1,1,1,0,1,0,0,1,1,1,1,-,0,0,-,0,0,1,0,0,0,1,0,1,1,-,-,-,1,0,1,1,0,0,0,1,1,0,0,1,1,-,-,0,0,0,1,1,1,0,0,1,1,1,1,2,1,0,0,1,0,1,1,0,1,1,1,1,0,1,1,1,0,1,0,2,0,0,1,1,0,1,0,0,0,0,0,-,1,0,1,0,0,0,1,1,1,0,2,0,1,0,1,0,0,1,1,3,0,1,0,1,0,0,0,0,1,0,0,0,0,0,0,0,0,0,1,0,0,0,_
Acantopsis_choirorhynchus,1,0,2,1,1,1,0,1,0,0,1,1,1,1,-,0,0,1,0,0,1,0,0,0,1,0,1,1,-,1,1,1,0,1,1,0,0,0,1,1,0,0,1,1,-,-,0,0,0,1,1,1,0,0,1,1,1,1,2,1,0,0,1,0,1,1,0,1,1,1,1,0,1,1,1,0,1,0,2,0,0,1,1,0,1,0,0,0,0,0,-,1,0,1,0,0,0,1,1,0,0,2,0,1,0,1,0,0,1,1,3,0,1,0,1,0,0,0,0,0,0,0,0,0,0,0,0,0,0,1,0,0,0,_
Lepidoceph._cf._guntea,1,0,2,1,1,1,0,1,0,0,1,1,1,1,-,0,0,-,0,0,1,0,0,0,1,0,1,1,-,-,1,1,0,1,1,0,0,0,1,1,0,0,1,1,-,-,0,0,0,1,1,1,0,0,1,1,1,1,2,1,0,0,1,0,1,1,0,1,1,1,1,0,1,1,1,0,1,0,2,0,0,1,1,0,1,0,0,0,0,0,-,1,0,1,0,0,0,1,1,1,0,2,0,1,0,1,0,0,1,1,3,0,1,0,-,0,0,0,0,1,0,0,0,0,0,0,0,0,0,1,0,0,0,_
Barbatula_barbatula,1,1,2,0,0,1,0,0,0,0,0,1,1,1,1,0,0,1,0,0,2,0,0,0,0,0,1,1,1,1,−1,1,1,1,0,2,0,0,0,0,0,1,0,-,0,0,0,0,1,1,0,0,0,1,1,1,1,2,-,-,-,1,1,1,0,0,1,1,0,1,0,1,1,1,0,0,0,2,0,0,1,1,0,1,1,0,2,0,0,-,1,0,0,0,0,1,1,0,0,0,2,0,1,0,1,0,0,1,1,2,0,1,0,1,1,0,0,0,0,0,0,0,0,0,0,0,0,0,1,0,0,0,_
Mesonoemacheilus_triangularis,1,0,2,0,1,1,1,0,0,0,0,1,1,1,0,0,0,1,0,0,2,0,0,0,0,0,1,1,1,1,−1,1,1,1,0,2,2,0,0,0,0,1,0,-,0,0,0,0,1,1,0,0,0,0,1,1,1,2,1,0,0,1,1,1,1,0,1,1,0,1,0,1,1,1,0,0,0,2,0,0,1,1,0,1,1,0,2,0,0,0,1,0,0,1,0,1,1,0,0,0,2,0,0,0,1,0,0,1,1,2,0,1,0,1,1,0,0,0,0,0,0,0,0,0,0,0,0,0,1,0,0,0,_
Lefua_costata,1,1,2,0,0,1,1,0,0,0,0,1,1,1,-,0,0,-,0,0,2,0,0,0,1,0,1,1,-,-,-,1,1,1,1,0,2,0,0,0,0,0,1,0,-,-,0,0,0,1,1,0,0,0,1,1,1,1,2,1,0,0,1,0,1,1,0,1,1,0,1,0,1,1,1,0,0,0,2,0,0,1,1,0,1,1,0,2,1,0,-,1,0,0,0,0,1,1,0,0,0,2,0,0,0,1,0,0,1,-,2,0,1,?,1,1,0,0,0,0,0,0,0,0,0,0,0,0,0,1,0,0,0,_
Acantho._cf._zonalternans,1,0,2,0,1,1,0,0,0,0,0,1,1,1,0,0,0,1,0,0,2,0,0,0,0,0,1,1,1,1,−1,1,1,1,0,2,0,0,0,0,0,1,0,-,0,0,0,0,1,1,0,0,0,0,1,1,1,2,1,0,0,1,1,1,1,0,1,1,0,1,0,1,1,1,0,0,0,2,0,0,1,1,0,1,1,0,2,0,0,0,1,0,0,1,0,1,1,0,0,0,1,0,0,0,1,0,0,1,1,2,0,1,0,1,1,0,0,0,0,0,0,0,0,0,0,0,0,0,1,0,0,0,_
Annamia_normani,1,1,2,0,0,1,1,0,0,1,0,1,1,1,0,0,0,1,1,0,2,0,2,0,0,0,0,1,1,1,−1,1,1,1,0,0,0,0,0,0,0,1,0,-,0,0,0,0,1,1,0,1,1,1,1,1,1,2,1,1,0,1,0,1,1,0,1,1,0,1,0,0,1,1,0,0,0,2,0,0,1,1,0,1,1,0,2,0,1,−1,0,0,0,0,0,1,0,0,0,2,1,0,0,1,1,0,1,1,3,0,1,?,1,1,0,0,0,0,0,0,0,0,0,0,0,0,0,1,0,0,0,_
Gastromyzon_cranbrooki,1,1,2,0,0,1,1,0,0,0,0,1,1,1,0,0,0,1,1,0,2,0,1,0,0,0,0,1,1,1,−1,1,1,1,0,0,0,0,0,0,0,1,0,-,1,0,0,0,1,1,0,1,1,1,1,1,1,2,1,1,0,1,-,1,1,0,1,1,0,1,0,0,1,1,0,0,0,2,0,0,1,1,0,1,1,0,2,0,1,−1,0,0,0,0,0,1,0,0,0,1,1,0,0,1,1,0,1,1,2,0,1,0,1,1,0,0,0,0,0,0,0,0,0,0,0,0,0,1,0,0,0,_
Homaloptera_stephensoni,1,1,2,0,1,1,1,0,0,0,0,1,1,1,0,0,0,1,1,0,0,-,-,0,0,0,0,1,1,1,1,1,1,1,1,0,2,0,0,0,0,0,1,0,-,0,0,0,0,1,1,0,0,0,1,1,1,1,2,1,0,0,1,0,1,1,0,1,1,0,1,0,1,1,1,0,0,0,2,0,0,1,1,0,1,1,0,2,0,0,_?,1,0,0,0,0,0,1,0,0,0,2,1,0,0,1,1,0,1,1,1,0,1,0,1,1,0,0,0,0,0,0,0,0,0,0,0,0,0,1,0,0,0,_
Homaloptera_zollingeri,1,1,2,0,0,1,1,0,0,0,0,1,1,0,0,0,0,1,1,0,0,-,-,0,0,0,0,1,1,1,1,1,1,1,1,0,2,0,0,0,0,0,1,0,-,0,0,0,0,1,1,0,0,0,1,1,1,1,2,1,0,0,1,1,1,1,0,1,1,0,1,0,1,1,1,0,0,0,2,0,0,1,1,0,1,1,0,2,0,0,_?,1,0,0,0,0,0,1,0,0,0,2,1,0,0,1,1,0,1,1,2,0,0,0,1,1,0,0,0,0,0,0,0,0,0,0,0,0,0,1,0,0,0,_
Paedocypris_sp.,1,0,0,0,-,0,0,0,0,0,1,1,-,1,-,0,0,-,1,0,2,0,0,1,1,0,1,1,-,-,-,1,0,0,-,0,0,0,0,0,0,0,0,0,-,-,0,0,0,1,1,0,-,0,1,1,1,1,2,-,-,-,0,0,0,0,0,0,0,0,0,1,1,0,1,0,0,0,2,0,0,1,1,0,1,0,2,0,1,0,-,0,0,0,-,1,0,1,0,-,1,2,0,1,0,0,0,0,1,1,0,0,-,-,-,0,1,1,1,1,1,1,1,1,1,1,1,1,1,1,1,1,1,_
Danionella_dracula,0,0,0,0,-,0,0,0,0,0,1,1,-,1,-,0,0,-,1,0,2,0,0,1,1,0,1,1,-,-,-,1,0,0,-,0,0,0,0,0,-,-,0,0,-,-,0,0,0,?,,1,0,-,0,1,1,1,1,2,-,-,-,0,0,0,0,0,0,0,0,0,1,1,0,1,0,0,0,2,0,0,1,1,0,1,0,2,0,1,0,-,0,0,0,-,1,0,0,0,-,1,2,0,-,0,0,-,0,1,1,0,0,-,-,-,0,1,1,1,1,1,1,1,1,1,1,1,1,1,1,1,1,1,_
Sundadanio_echinus,1,0,0,0,-,0,0,0,0,0,0,1,1,1,-,0,0,-,1,0,2,0,1,1,0,0,1,1,-,0,1,1,1,1,-,0,0,0,0,0,0,0,0,0,-,-,0,0,0,1,1,0,0,0,1,1,1,1,2,1,0,0,0,0,0,0,0,0,0,0,0,0,1,0,1,0,0,0,2,0,0,1,1,0,1,0,0,0,0,0,0,0,0,0,0,1,0,0,0,0,1,2,0,1,0,0,0,0,1,1,2,0,-,-,-,0,1,1,0,1,0,1,0,0,0,0,0,0,0,1,1,1,1,_
Danio_rerio,1,1,0,0,0,0,0,0,0,0,0,1,1,0,0,0,0,-,0,1,2,0,1,1,0,0,1,1,0,0,0,1,1,1,1,0,0,0,0,0,0,0,0,0,0,0,0,0,0,1,1,0,0,0,0,1,1,1,2,1,0,0,0,0,0,0,0,0,0,0,0,0,1,0,1,0,0,0,2,1,0,1,1,0,1,0,0,0,0,0,0,0,0,0,0,1,0,0,0,0,0,1,0,0,0,0,0,0,1,1,2,0,0,0,0,0,0,0,0,0,0,0,0,0,0,0,0,0,0,0,0,0,0,_
Danio_erythromicron,1,1,0,0,0,0,0,0,0,0,0,1,1,0,-,0,0,-,0,1,2,0,1,1,1,0,1,1,-,0,0,1,1,1,1,0,0,0,0,0,0,0,0,0,0,-,0,0,0,1,1,0,0,0,1,1,1,1,2,1,0,0,0,0,0,0,0,0,0,0,0,0,1,0,1,0,0,0,2,1,0,1,1,0,1,0,0,0,0,0,0,0,0,0,0,1,0,0,0,0,0,1,0,0,0,0,0,0,1,1,2,0,-,0,-,0,0,0,0,0,0,0,0,0,0,0,0,0,0,0,0,0,0,_
Danio_margaritatus,1,1,0,0,0,0,0,0,0,0,0,1,1,0,-,0,0,-,0,1,2,0,1,1,1,0,1,1,-,0,0,1,1,1,1,0,0,0,0,0,0,0,0,0,0,-,0,0,0,1,1,0,0,0,1,1,1,1,2,1,0,0,0,0,0,0,0,0,0,0,0,0,1,0,1,0,0,0,2,1,0,1,1,0,1,0,0,0,0,0,0,0,0,0,0,1,0,0,0,0,0,1,0,0,0,0,0,0,1,1,2,0,-,0,-,0,0,0,0,0,0,0,0,0,0,0,0,0,0,0,0,0,0,_
Boraras_brigittae,1,1,0,0,0,0,0,0,0,0,0,1,1,0,-,0,0,-,0,1,2,0,1,1,1,0,1,1,0,0,-,1,1,1,1,0,0,0,0,0,0,0,0,0,-,-,0,0,0,1,1,0,0,0,1,1,1,1,2,1,0,0,0,0,0,0,0,0,0,0,0,0,1,0,1,0,0,0,2,1,0,1,1,0,1,0,0,0,0,0,0,0,0,0,0,1,0,0,0,0,0,1,0,0,0,0,0,0,1,1,2,0,-,0,-,0,0,0,0,0,0,0,0,0,0,0,0,0,0,0,0,0,0,_
Boraras_merah,1,1,0,0,0,0,0,0,0,0,0,1,1,0,-,0,0,-,0,1,2,0,1,1,1,0,1,1,0,0,-,1,1,1,1,0,0,0,0,0,0,0,0,0,-,-,0,0,0,1,1,0,0,0,1,1,1,1,2,1,0,0,0,0,0,0,0,0,0,0,0,0,1,0,1,0,0,0,2,1,0,1,1,0,1,0,0,0,0,0,0,0,0,0,0,1,0,0,0,0,0,1,0,0,0,0,0,0,1,1,2,0,-,0,-,0,0,0,0,0,0,0,0,0,0,0,0,0,0,0,0,0,0,_
Boraras_maculatus,1,1,0,0,0,0,0,0,0,0,0,1,1,0,-,0,0,-,0,1,2,0,1,1,1,0,1,1,0,0,-,1,1,1,1,0,0,0,0,0,0,0,0,0,0,-,0,0,0,1,1,0,0,0,1,1,1,1,2,1,0,0,0,0,0,0,0,0,0,0,0,0,1,0,1,0,0,0,2,1,0,1,1,0,1,0,0,0,0,0,0,0,0,0,0,1,0,0,0,0,0,1,0,0,0,0,0,0,1,1,2,0,-,0,-,0,0,0,0,0,0,0,0,0,0,0,0,0,0,0,0,0,0,_
Boraras_micros,1,0,0,0,0,0,0,0,0,0,0,1,1,0,-,0,0,-,0,1,2,0,1,1,1,0,1,1,-,0,-,1,1,1,1,0,0,0,0,0,0,0,0,0,-,-,0,0,0,1,1,0,0,0,1,1,1,1,2,1,0,0,0,0,0,0,0,0,0,0,0,0,1,0,1,0,0,0,2,1,0,1,1,0,1,0,0,0,0,0,0,0,0,0,0,1,0,0,0,0,0,1,0,0,0,0,0,0,1,1,2,0,-,0,-,0,0,0,0,0,0,0,0,0,0,0,0,0,0,0,0,0,0,_
Boraras_urophthalmoides,1,1,0,0,0,0,0,0,0,0,0,1,1,0,-,0,0,-,0,1,2,0,1,1,1,0,1,1,0,0,-,1,1,1,1,0,0,0,0,0,0,0,0,0,-,-,0,0,0,1,1,0,0,0,1,1,1,1,2,1,0,0,0,0,0,0,0,0,0,0,0,0,1,0,1,0,0,0,2,1,0,1,1,0,1,0,0,0,0,0,0,0,0,0,0,1,0,0,0,0,0,1,0,0,0,0,0,0,1,1,2,0,-,0,-,0,0,0,0,0,0,0,0,0,0,0,0,0,0,0,0,0,0,_
Horadandia_atukorali,1,0,0,0,0,0,0,0,0,0,0,1,1,1,-,1,0,-,0,1,2,0,1,1,0,0,1,1,-,0,-,1,1,1,1,0,0,0,0,0,0,0,0,0,-,-,0,0,0,1,1,0,0,0,0,1,1,1,2,1,0,0,0,0,0,0,0,0,0,0,0,0,1,0,1,0,0,0,2,1,0,1,1,0,1,0,0,0,0,0,0,0,0,0,0,1,0,0,0,0,0,1,0,0,0,0,0,0,1,1,2,0,-,0,-,0,0,0,0,0,0,0,0,0,0,0,0,0,0,0,0,0,0,_
Microrasbora_rubescens,1,1,0,0,0,0,0,0,0,0,0,1,1,0,-,0,0,-,0,1,2,0,1,1,0,0,1,1,-,0,1,1,1,1,1,0,0,0,0,0,0,0,0,0,-,-,0,0,0,1,1,0,0,0,0,1,1,1,2,1,0,0,0,0,0,0,0,0,0,0,0,0,1,0,1,0,0,0,2,1,0,1,1,0,1,0,0,0,0,1,0,0,0,0,0,1,0,0,0,0,0,1,0,0,0,0,0,0,1,1,2,0,-,0,-,0,0,0,0,0,0,0,0,0,0,0,0,0,0,0,0,0,0,_
Microdevario_kubotai,1,1,0,0,0,0,0,0,0,0,0,1,1,0,1,0,0,-,0,1,2,0,1,1,0,0,1,1,0,0,1,1,1,1,1,0,0,0,0,0,0,0,0,0,0,-,0,0,0,1,1,0,0,0,0,1,1,1,2,1,0,0,0,0,0,0,0,0,0,0,0,0,1,0,1,0,0,0,2,1,0,1,1,0,1,0,0,0,0,0,0,0,0,0,0,1,1,0,0,0,0,1,0,0,0,0,0,0,1,1,2,0,-,0,-,0,0,0,0,0,0,0,0,0,0,0,0,0,0,0,0,0,0,_
Microdevario_nana,1,0,0,0,0,0,0,0,0,0,0,1,1,0,-,0,0,-,0,1,2,0,1,1,0,0,1,1,-,0,-,1,1,1,1,0,0,0,0,0,0,0,0,0,-,-,0,0,0,1,1,0,0,0,0,1,1,1,2,1,0,0,0,0,0,0,0,0,0,0,0,0,1,0,1,0,0,0,2,1,0,1,1,0,1,0,0,0,0,0,0,0,0,0,0,1,1,0,0,0,0,1,0,1,0,0,0,0,1,1,2,0,-,0,-,0,0,0,0,0,0,0,0,0,0,0,0,0,0,0,0,0,0,_
Sawbwa_resplendens,1,1,2,0,0,0,0,0,0,0,0,1,1,1,-,0,0,-,0,1,2,0,1,1,1,0,1,1,-,-,-,1,1,1,1,0,0,0,0,0,0,0,0,0,-,-,0,0,0,1,1,0,0,0,1,1,1,1,2,1,0,0,0,0,0,0,0,0,0,0,0,0,1,0,1,0,0,0,2,1,0,1,1,0,1,0,0,0,0,0,0,0,0,0,0,1,0,0,0,0,0,1,0,1,0,0,0,1,1,1,2,0,-,-,-,0,0,0,0,0,0,0,0,0,0,0,1,0,0,0,0,0,0,_
Tanichthys_micagemmae,1,1,0,0,0,0,0,0,0,0,0,1,1,0,-,0,0,-,0,1,2,0,1,1,1,0,1,1,-,-,-,1,1,1,1,0,0,0,0,0,0,0,0,0,-,-,0,0,0,1,1,0,0,0,1,1,1,1,2,1,0,0,0,0,0,0,0,0,0,0,0,0,1,0,1,0,0,0,2,1,0,1,1,0,1,0,0,0,0,1,0,0,0,0,0,1,0,0,0,0,0,1,0,0,0,0,0,0,1,1,2,0,0,0,0,0,0,0,0,0,0,0,0,0,0,0,0,0,0,0,0,0,0,_
Rasbora_kalbarensis,1,1,0,0,0,0,0,0,0,0,0,1,1,0,-,0,0,-,0,1,2,0,1,1,0,0,1,1,-,-,-,1,1,1,1,0,0,0,0,0,0,0,0,0,-,-,0,0,0,1,1,0,0,0,0,1,1,1,2,1,0,0,0,0,0,0,0,0,0,0,0,0,1,0,1,0,0,0,2,1,0,1,1,0,1,0,0,0,0,0,0,0,0,0,0,1,0,0,0,0,0,1,0,0,0,0,0,0,1,1,2,0,-,-,-,0,0,0,0,0,0,0,0,0,0,0,0,0,0,0,0,0,0,_
Rasboroides_vaterifloris,1,1,0,0,0,0,0,0,1,0,0,1,1,1,1,0,0,-,0,1,2,0,1,1,0,0,1,1,0,0,-,1,1,1,1,0,0,0,0,0,0,0,0,0,0,0,0,0,0,1,1,0,0,0,0,1,1,1,2,1,0,0,0,0,0,0,0,0,0,0,0,0,1,0,1,0,0,0,2,1,0,1,1,0,1,0,0,0,0,0,0,0,0,0,0,1,0,0,0,0,0,1,0,0,0,0,0,0,1,1,2,0,0,0,0,0,0,0,0,0,0,0,0,0,0,0,0,0,0,0,0,0,0,_
Trigonostigma_hengeli,1,1,0,0,0,0,0,0,1,0,0,1,1,0,1,0,0,-,0,1,2,0,1,1,0,0,1,1,0,0,0,1,1,1,1,0,0,0,0,0,0,0,0,0,0,0,0,0,0,1,1,0,0,0,0,1,1,1,2,1,0,0,0,0,0,0,0,0,0,0,0,0,1,0,1,0,0,0,2,1,0,1,1,0,1,0,0,0,0,0,0,0,0,0,0,1,0,0,0,0,0,1,0,0,0,0,0,0,1,1,2,0,0,0,0,0,0,0,0,0,0,0,0,0,0,0,0,0,0,0,0,0,0,_